"Hips"         "1,0,0,0,0,1,0,0,0,0,1,0,0.00200003,-200.144,1.844,1"
"Hips"         "1,0,0,0,0,1,0,0,0,0,1,0,-0.00200003,200.144,-1.844,1"
"Spine"         "1,0,0,0,0,1,0,0,0,0,1,0,0.000999972,-114.724,0.489529,1"
"Spine"         "1,0,0,0,0,1,0,0,0,0,1,0,-0.000999972,114.724,-0.489529,1"
"Spine1"         "1,0,0,0,0,1,0,0,0,0,1,0,0.00100003,-110.445,0.874315,1"
"Spine1"         "1,0,0,0,0,1,0,0,0,0,1,0,-0.00100003,110.445,-0.874315,1"
"Spine2"         "1,0,0,0,0,1,0,0,0,0,1,0,0.000999794,-110.157,0.619285,1"
"Spine2"         "1,0,0,0,0,1,0,0,0,0,1,0,-0.000999794,110.157,-0.619285,1"
"Neck"         "1,0,0,0,0,1,0,0,0,0,1,0,0.00100003,-131.757,0.675549,1"
"Neck"         "1,0,0,0,0,1,0,0,0,0,1,0,-0.00100003,131.757,-0.675549,1"
"Head"         "1,0,0,0,0,1,0,0,0,0,1,0,0.000999674,-111.481,-0.998895,1"
"Head"         "1,0,0,0,0,1,0,0,0,0,1,0,-0.000999674,111.481,0.998895,1"
"HeadTop_End"         "1,0,0,0,0,1,0,0,0,0,1,0,-0.05938,-137.064,-5.74744,1"
"HeadTop_End"         "1,0,0,0,0,1,0,0,0,0,1,0,0.05938,137.064,5.74744,1"
"LeftShoulder"         "1,0,0,0,0,1,0,0,0,0,1,0,-10.9119,-126.805,3.62763,1"
"LeftShoulder"         "1,0,0,0,0,1,0,0,0,0,1,0,10.9119,126.805,-3.62763,1"
"LeftArm"         "1,0,0,0,0,1,0,0,0,0,1,0,-13.8939,-91.0551,-0.293675,1"
"LeftArm"         "1,0,0,0,0,1,0,0,0,0,1,0,13.8939,91.0551,0.293675,1"
"LeftForeArm"         "1,0,0,0,0,1,0,0,0,0,1,0,-32.2451,-99.8883,3.20766,1"
"LeftForeArm"         "1,0,0,0,0,1,0,0,0,0,1,0,32.2451,99.8883,-3.20766,1"
"LeftHand"         "1,0,0,0,0,1,0,0,0,0,1,0,-28.0125,-100.255,0.251514,1"
"LeftHand"         "1,0,0,0,0,1,0,0,0,0,1,0,28.0125,100.255,-0.251514,1"
"LeftHandIndex1"         "1,0,0,0,0,1,0,0,0,0,1,0,-18.1087,-100.072,0.921949,1"
"LeftHandIndex1"         "1,0,0,0,0,1,0,0,0,0,1,0,18.1087,100.072,-0.921949,1"
"LeftHandIndex2"         "1,0,0,0,0,1,0,0,0,0,1,0,-4.18273,-100.072,0.922006,1"
"LeftHandIndex2"         "1,0,0,0,0,1,0,0,0,0,1,0,4.18273,100.072,-0.922006,1"
"LeftHandIndex3"         "1,0,0,0,0,1,0,0,0,0,1,0,-3.82924,-99.974,0.863603,1"
"LeftHandIndex3"         "1,0,0,0,0,1,0,0,0,0,1,0,3.82924,99.974,-0.863603,1"
"LeftHandIndex4"         "1,0,0,0,0,1,0,0,0,0,1,0,-4.86262,-100.072,0.922034,1"
"LeftHandIndex4"         "1,0,0,0,0,1,0,0,0,0,1,0,4.86262,100.072,-0.922034,1"
"LeftHandThumb1"         "1,0,0,0,0,1,0,0,0,0,1,0,-6.27298,-96.865,-2.93741,1"
"LeftHandThumb1"         "1,0,0,0,0,1,0,0,0,0,1,0,6.27298,96.865,2.93741,1"
"LeftHandThumb2"         "1,0,0,0,0,1,0,0,0,0,1,0,-5.05913,-97.1506,-1.9996,1"
"LeftHandThumb2"         "1,0,0,0,0,1,0,0,0,0,1,0,5.05913,97.1506,1.9996,1"
"LeftHandThumb3"         "1,0,0,0,0,1,0,0,0,0,1,0,-5.8081,-96.7182,-2.43191,1"
"LeftHandThumb3"         "1,0,0,0,0,1,0,0,0,0,1,0,5.8081,96.7182,2.43191,1"
"LeftHandThumb4"         "1,0,0,0,0,1,0,0,0,0,1,0,-3.76535,-97.8976,-1.25252,1"
"LeftHandThumb4"         "1,0,0,0,0,1,0,0,0,0,1,0,3.76535,97.8976,1.25252,1"
"RightShoulder"         "1,0,0,0,0,1,0,0,0,0,1,0,10.9139,-126.805,3.62763,1"
"RightShoulder"         "1,0,0,0,0,1,0,0,0,0,1,0,-10.9139,126.805,-3.62763,1"
"RightArm"         "1,0,0,0,0,1,0,0,0,0,1,0,13.8959,-91.0551,-0.293674,1"
"RightArm"         "1,0,0,0,0,1,0,0,0,0,1,0,-13.8959,91.0551,0.293674,1"
"RightForeArm"         "1,0,0,0,0,1,0,0,0,0,1,0,32.2207,-99.9001,3.55614,1"
"RightForeArm"         "1,0,0,0,0,1,0,0,0,0,1,0,-32.2207,99.9001,-3.55614,1"
"RightHand"         "1,0,0,0,0,1,0,0,0,0,1,0,28.0201,-100.253,0.552796,1"
"RightHand"         "1,0,0,0,0,1,0,0,0,0,1,0,-28.0201,100.253,-0.552796,1"
"RightHandIndex1"         "1,0,0,0,0,1,0,0,0,0,1,0,18.1054,-100.072,1.11743,1"
"RightHandIndex1"         "1,0,0,0,0,1,0,0,0,0,1,0,-18.1054,100.072,-1.11743,1"
"RightHandIndex2"         "1,0,0,0,0,1,0,0,0,0,1,0,4.91723,-100.072,0.975089,1"
"RightHandIndex2"         "1,0,0,0,0,1,0,0,0,0,1,0,-4.91723,100.072,-0.975089,1"
"RightHandIndex3"         "1,0,0,0,0,1,0,0,0,0,1,0,4.30238,-100.072,0.935914,1"
"RightHandIndex3"         "1,0,0,0,0,1,0,0,0,0,1,0,-4.30238,100.072,-0.935914,1"
"RightHandIndex4"         "1,0,0,0,0,1,0,0,0,0,1,0,3.72329,-100.046,0.962356,1"
"RightHandIndex4"         "1,0,0,0,0,1,0,0,0,0,1,0,-3.72329,100.046,-0.962356,1"
"RightHandThumb1"         "1,0,0,0,0,1,0,0,0,0,1,0,6.34548,-96.7685,-2.73545,1"
"RightHandThumb1"         "1,0,0,0,0,1,0,0,0,0,1,0,-6.34548,96.7685,2.73545,1"
"RightHandThumb2"         "1,0,0,0,0,1,0,0,0,0,1,0,4.31801,-96.9762,-2.87993,1"
"RightHandThumb2"         "1,0,0,0,0,1,0,0,0,0,1,0,-4.31801,96.9762,2.87993,1"
"RightHandThumb3"         "1,0,0,0,0,1,0,0,0,0,1,0,4.96979,-95.9915,-2.93847,1"
"RightHandThumb3"         "1,0,0,0,0,1,0,0,0,0,1,0,-4.96979,95.9915,2.93847,1"
"RightHandThumb4"         "1,0,0,0,0,1,0,0,0,0,1,0,3.10935,-97.718,-1.98294,1"
"RightHandThumb4"         "1,0,0,0,0,1,0,0,0,0,1,0,-3.10935,97.718,1.98294,1"
"LeftUpLeg"         "1,0,0,0,0,1,0,0,0,0,1,0,-13.0249,-92.9338,0.0635962,1"
"LeftUpLeg"         "1,0,0,0,0,1,0,0,0,0,1,0,13.0249,92.9338,-0.0635962,1"
"LeftLeg"         "1,0,0,0,0,1,0,0,0,0,1,0,-0.123313,-64.3062,-2.22256,1"
"LeftLeg"         "1,0,0,0,0,1,0,0,0,0,1,0,0.123313,64.3062,2.22256,1"
"LeftFoot"         "1,0,0,0,0,1,0,0,0,0,1,0,0.112782,-59.8984,6.63124,1"
"LeftFoot"         "1,0,0,0,0,1,0,0,0,0,1,0,-0.112782,59.8984,-6.63124,1"