
numerical
"50.705         5.883          146.47         135.365        0.754          -46.344        35.708         0.754          -13.311        92.111         1447.68        "

autodiff
"50.705         5.883          146.47         135.365        0.754          -46.344        35.708         0.754          -13.311        2987.47        1447.68        "



handmade
"50.705         5.883          146.47         135.365        0.757          -46.58         171.051        1.515          -59.954        2987.31        1447.6         "