

Uber << created angles
"0              0              0              0              30             0              0              30             0              0              30             0              "
"0              0              0              9.999          10             -0.017         0              30             0              0              30             0              "
"0              0              0              0              0              0              -9.999         -20            0.017          0              30             0              "
"0              0              0              0              0              0              0              0              0              0              -10            0              "



"0              0              0              19.999         50             -0.034         -19.999        50             0.034          0              130            0              "
"0              0              0              9.999          10             -0.017         -19.999        -10            0.034          0              70             0              "
"0              0              0              0              0              0              -9.999         -20            0.017          0              10             0              "
"0              0              0              0              0              0              0              0              0              0              -10            0              "
